0 0 2 2 9 0 0 0 9 95 0 0 0 0 0 95 59 59 0 0 0 0 0 59 25 25 0 0 0 0 0 25 25 15 0 0 0 0 0 0 0 0 0 0 0 0 0 0 0 0 
0 2 2 9 9 0 0 0 9 95 0 0 0 0 0 95 95 59 0 0 0 59 59 59 59 25 0 0 0 0 25 25 15 15 0 0 0 0 0 0 0 0 0 0 0 0 0 0 0 0 
0 2 9 9 0 0 0 0 9 95 0 0 0 0 0 0 95 59 59 59 59 59 8 59 25 25 0 0 0 0 25 15 15 0 0 0 0 0 0 0 0 0 0 0 0 0 0 0 0 0 
2 2 9 0 0 0 0 0 9 95 95 95 95 0 0 0 95 95 89 59 59 8 8 8 25 0 0 0 0 0 25 15 15 0 0 0 0 0 0 0 0 0 0 0 0 0 0 0 0 0 
2 9 9 9 9 9 9 9 9 9 47 47 95 95 95 95 95 95 89 8 8 8 8 25 25 0 0 0 0 0 25 25 15 0 0 0 0 0 0 0 0 0 0 0 0 0 0 0 0 0 
9 9 9 9 48 48 48 48 9 75 75 47 47 47 47 95 89 89 89 8 8 8 8 25 0 0 0 0 0 0 25 25 15 0 0 0 0 0 0 0 0 0 0 0 0 0 15 15 15 15 
9 9 9 9 48 0 0 48 75 75 75 75 47 47 47 47 47 47 55 55 55 55 25 25 0 0 0 0 0 0 25 15 15 0 0 0 0 0 0 0 0 0 0 0 0 0 15 3 3 3 
48 48 48 48 48 0 0 48 75 75 75 75 47 75 47 47 47 47 47 55 55 55 25 25 0 0 0 0 0 25 25 15 15 15 15 15 0 0 0 0 0 0 15 15 15 15 15 3 0 0 
0 0 0 0 0 0 0 48 75 75 75 75 75 75 75 75 88 88 55 55 55 55 58 25 25 25 0 0 0 25 72 72 15 50 50 15 15 15 15 0 0 15 15 31 15 15 3 3 0 0 
0 0 0 0 0 0 0 48 75 75 75 75 75 75 75 75 34 88 55 55 55 55 58 25 10 25 25 0 25 25 72 72 72 50 50 15 15 17 15 15 15 15 31 31 31 3 3 0 0 0 
48 48 48 48 48 48 0 48 75 75 75 75 75 75 12 12 34 88 88 55 55 55 10 10 10 10 25 25 25 72 72 72 72 72 50 17 17 17 17 15 17 17 31 31 31 3 0 0 0 0 
1 37 37 37 37 48 48 48 75 75 75 29 29 12 12 12 34 88 88 88 55 55 10 10 10 10 72 72 72 72 72 72 72 50 50 17 17 17 17 17 17 31 31 31 31 3 3 3 0 0 
37 37 37 37 37 37 74 74 74 29 29 29 29 29 12 88 88 88 88 88 88 55 10 10 67 72 72 72 72 72 72 72 72 50 50 17 17 17 17 17 17 31 31 31 31 31 31 3 0 0 
37 37 37 37 37 37 74 74 74 29 29 29 29 29 52 52 52 88 88 88 55 55 55 67 67 44 18 18 18 72 18 72 50 50 50 17 17 17 17 17 17 31 31 31 31 31 31 3 3 0 
78 37 37 37 37 37 37 74 74 29 29 29 29 52 52 52 52 88 88 88 88 67 67 67 67 44 44 18 18 18 18 50 50 50 17 17 17 17 17 17 31 31 31 31 31 31 31 31 3 0 
78 78 37 37 37 37 37 56 74 74 74 74 74 74 52 52 52 52 52 67 67 67 67 67 44 44 44 18 18 18 18 50 50 17 17 17 17 17 17 31 31 31 31 31 31 31 31 31 3 0 
0 78 37 37 37 56 56 56 74 74 74 74 74 84 84 52 6 6 6 67 67 67 67 67 44 44 44 44 18 18 18 60 50 17 17 17 17 17 17 31 31 31 31 31 31 31 31 31 3 0 
0 78 78 37 37 56 56 56 56 74 74 84 84 84 84 84 6 6 67 67 67 13 67 13 42 42 44 44 44 18 60 60 60 17 17 17 17 17 23 31 31 31 31 31 31 31 31 31 3 0 
78 78 78 37 37 56 56 56 56 74 74 84 98 98 98 98 6 6 67 13 13 13 13 13 42 42 44 44 81 81 60 60 60 17 17 17 17 23 23 23 35 31 31 35 31 31 31 31 3 3 
78 100 78 100 56 56 56 56 94 94 94 94 98 98 98 98 6 6 6 13 13 13 13 51 42 42 42 42 60 60 60 60 60 17 17 17 17 23 23 23 35 35 35 35 35 31 31 31 31 3 
78 100 100 100 100 56 94 94 94 94 94 94 5 98 98 98 98 98 98 13 13 13 13 51 42 42 42 42 60 60 60 60 60 17 17 17 17 23 23 23 23 35 35 35 35 31 31 31 43 3 
100 100 0 0 100 100 94 94 94 94 5 5 5 98 98 98 98 98 98 98 13 13 51 51 51 51 42 42 60 60 60 60 17 17 17 17 17 17 23 23 23 23 35 23 35 35 35 31 43 43 
0 0 0 0 0 100 100 94 5 94 5 5 5 98 98 98 98 98 98 98 98 51 51 51 51 51 85 85 85 85 60 60 60 17 80 80 80 23 23 23 23 23 23 23 23 43 43 43 43 0 
0 0 0 0 0 100 100 94 5 5 5 5 5 98 98 98 98 98 98 98 61 61 61 61 61 61 85 85 85 85 85 60 60 80 80 80 80 99 99 99 99 23 23 23 23 23 43 0 0 0 
0 0 0 0 100 100 91 91 5 5 5 5 5 98 98 98 98 61 61 61 61 61 61 61 61 61 61 85 85 85 85 85 80 80 80 80 80 80 80 99 99 99 99 99 23 43 43 43 0 0 
0 0 0 0 100 91 91 91 5 5 5 5 5 5 98 98 98 61 61 61 61 61 61 61 61 61 61 85 85 4 4 85 85 4 4 80 80 80 99 99 99 99 99 99 23 23 23 43 0 0 
0 0 0 0 100 91 91 91 91 91 5 5 5 5 98 98 61 61 61 61 61 61 61 61 61 85 85 85 85 4 4 4 4 4 80 80 80 80 80 80 80 80 80 80 23 23 23 43 43 0 
100 100 0 100 100 91 91 91 91 91 5 5 5 5 61 61 61 61 61 61 61 61 61 61 61 53 53 53 53 53 4 4 4 4 4 4 80 80 80 80 80 80 80 80 23 23 33 33 43 0 
93 100 100 100 91 91 91 73 73 73 5 5 5 21 61 61 61 61 61 11 11 39 39 61 61 53 53 53 53 53 4 4 4 4 4 4 80 80 80 80 80 80 80 80 23 23 33 33 43 43 
93 93 100 91 91 91 91 91 73 73 73 5 5 21 21 21 21 21 21 39 39 39 39 39 53 53 53 53 53 53 53 4 4 4 80 80 80 80 80 80 80 22 22 22 23 23 33 33 33 33 
93 93 93 91 93 93 93 91 91 93 93 93 5 21 21 21 21 21 39 39 39 39 39 39 53 53 53 53 53 53 53 53 53 53 80 80 80 80 80 80 80 22 22 22 33 33 33 0 0 0 
96 93 93 93 93 93 93 93 93 93 93 93 93 21 21 21 21 21 21 39 39 39 39 39 30 30 97 97 97 97 97 97 97 97 80 80 80 80 80 22 22 22 22 22 33 0 0 0 0 0 
96 96 93 93 93 93 93 93 93 93 93 93 46 46 46 46 21 21 21 66 57 39 39 39 30 30 30 90 90 90 97 97 97 97 80 20 20 20 20 20 70 22 22 22 33 0 0 0 0 0 
0 96 96 93 93 93 93 92 92 92 92 46 46 46 46 46 21 21 21 66 57 57 57 39 41 30 76 90 90 90 97 97 97 20 20 20 20 20 20 20 20 20 22 22 33 33 33 33 33 33 
0 0 96 96 69 69 92 92 92 92 92 46 46 46 46 46 46 21 16 57 57 57 57 41 41 41 41 90 90 90 97 97 97 20 20 20 20 20 20 20 20 20 20 20 45 45 45 45 86 86 
0 0 0 96 69 69 69 92 92 92 92 46 46 46 46 46 46 16 16 16 16 57 57 57 57 41 41 82 82 82 82 82 20 20 20 20 20 20 20 20 20 20 20 20 45 45 45 45 86 0 
0 0 0 96 69 65 65 65 65 92 46 46 46 46 46 46 16 16 16 16 16 7 57 57 57 41 41 82 82 82 82 24 24 24 24 24 20 63 63 20 20 20 45 45 45 45 45 86 86 0 
96 96 0 96 65 65 65 65 65 92 46 46 46 46 46 46 16 16 16 16 16 7 57 57 71 71 41 82 24 24 24 24 24 24 24 24 24 63 63 63 20 20 20 45 45 45 45 86 86 86 
68 96 96 96 65 65 65 65 65 65 79 79 46 46 46 46 16 16 16 16 7 7 7 7 7 71 71 24 24 24 24 24 24 24 24 24 63 63 63 63 63 40 40 40 40 45 45 40 40 40 
68 68 68 68 68 68 65 65 65 68 79 79 79 79 79 79 16 16 16 16 38 38 38 7 7 71 71 24 24 24 24 24 24 24 24 24 24 63 63 63 63 40 40 40 40 40 40 40 0 0 
0 0 0 0 0 68 68 68 68 68 68 79 79 79 79 79 79 79 16 38 38 38 38 7 7 71 71 24 24 24 24 24 24 63 63 63 63 63 63 63 63 63 40 40 0 0 0 0 0 0 
0 68 68 68 68 68 83 68 68 83 79 79 79 79 79 79 79 79 79 38 38 38 38 7 7 7 71 49 49 24 24 24 24 32 32 32 32 28 63 28 28 28 28 40 0 0 0 0 0 0 
0 68 87 87 87 83 83 83 83 83 79 79 79 79 79 79 79 79 79 38 38 38 38 38 38 49 49 49 49 49 62 62 32 32 32 32 32 28 28 28 28 28 40 40 0 0 0 0 0 0 
68 68 87 87 87 83 83 83 83 83 79 79 79 79 79 79 79 79 79 38 38 38 19 19 19 49 49 49 49 49 62 62 32 32 32 32 32 32 77 28 28 28 40 40 40 40 40 40 40 40 
87 87 87 87 87 83 83 83 83 83 79 79 79 79 79 79 79 79 79 38 38 19 19 0 19 49 49 49 49 49 62 62 32 32 64 32 32 77 77 28 28 28 28 28 40 40 14 14 14 40 
0 87 87 87 83 83 83 83 83 83 83 79 79 79 79 79 79 54 79 79 19 19 0 0 19 49 49 49 62 62 62 62 32 32 64 32 32 77 28 28 28 28 28 40 40 40 14 14 14 14 
87 87 83 83 83 83 83 83 83 83 83 79 79 79 79 79 54 54 54 54 19 0 0 0 19 49 49 49 49 64 64 64 64 64 64 64 32 77 77 28 28 28 28 28 40 40 40 40 14 0 
87 36 83 83 83 83 83 83 83 83 83 83 79 79 54 54 54 0 0 54 19 0 0 0 19 19 27 27 64 64 0 0 0 0 0 64 64 77 77 77 77 28 28 28 40 0 40 40 14 0 
36 36 83 83 83 83 83 83 83 26 26 26 26 79 54 0 0 0 0 54 19 0 0 19 19 27 27 27 64 0 0 0 0 0 0 0 64 77 0 0 77 28 28 28 40 0 40 14 14 0 
0 36 26 26 26 26 26 26 26 26 0 0 26 54 54 0 0 0 0 54 19 0 0 19 27 27 0 27 64 0 0 0 0 0 0 0 64 77 0 0 77 77 28 28 40 0 40 14 0 0 
