0 0 20 74 74 74 74 39 0 39 81 0 0 0 0 0 0 0 81 81 81 50 50 73 0 0 0 73 73 16 0 16 23 0 0 0 0 0 23 23 23 53 0 0 0 0 0 0 0 0 
0 0 20 20 74 74 39 39 0 39 81 0 0 0 0 0 0 0 81 50 50 50 50 73 0 0 73 73 16 16 0 16 23 23 23 23 23 0 23 53 53 53 0 0 0 0 0 0 0 0 
20 20 20 74 74 74 74 39 0 39 81 81 81 0 0 81 81 81 81 50 50 50 50 73 73 73 73 16 16 0 0 16 95 95 95 95 23 23 23 53 0 0 0 0 0 0 0 0 0 0 
74 74 74 74 74 74 39 39 39 39 70 70 81 81 81 81 40 40 40 50 50 50 50 50 50 73 16 16 0 0 0 16 98 98 98 95 95 95 95 53 53 0 0 0 0 0 0 0 0 0 
0 0 74 74 74 74 74 66 39 39 70 70 70 70 40 40 40 40 40 50 50 50 50 50 50 73 16 0 0 0 0 16 98 98 98 25 25 25 25 25 53 0 0 0 0 0 0 0 0 0 
74 74 74 66 66 66 66 66 39 70 70 70 70 40 40 40 40 40 40 40 40 50 50 50 50 50 16 16 16 16 16 16 98 25 25 25 25 25 25 25 53 53 0 0 0 0 0 0 0 0 
66 66 66 66 0 0 0 66 66 66 70 70 70 40 40 40 40 40 40 40 92 50 50 50 50 50 50 50 25 25 25 25 25 25 25 25 25 25 25 25 25 53 0 0 0 0 0 53 53 53 
0 0 0 0 0 0 66 66 66 66 12 70 40 40 40 40 40 40 40 75 92 92 50 50 50 50 50 50 25 25 25 25 25 25 25 25 25 25 25 25 25 53 53 53 53 53 53 53 54 54 
0 0 0 0 0 0 66 85 85 85 12 12 12 40 40 40 40 40 100 75 92 92 50 50 50 50 50 50 50 84 84 25 25 25 25 25 25 25 11 11 11 54 54 54 53 54 54 54 54 54 
0 0 0 0 0 66 66 85 85 85 12 12 12 37 37 40 40 40 100 75 75 75 50 50 50 50 50 50 50 84 84 22 25 25 25 25 79 79 11 11 11 54 54 54 54 54 54 54 14 14 
0 0 66 66 66 66 12 12 85 12 12 12 12 37 37 65 65 100 100 100 75 75 50 50 50 50 50 50 84 84 84 22 22 22 22 79 79 79 11 11 11 54 54 54 54 54 54 54 14 0 
66 66 66 12 12 12 12 12 12 12 12 24 24 24 37 37 65 100 100 100 75 75 75 75 50 50 50 84 84 84 84 22 22 22 22 79 79 79 79 79 79 54 54 54 54 3 54 54 14 0 
12 12 12 12 0 0 0 0 0 0 12 24 24 24 24 37 65 100 100 100 75 75 75 44 44 50 44 44 84 84 84 22 22 22 94 94 94 94 94 79 79 54 54 54 54 3 3 14 14 0 
0 0 0 0 0 0 0 0 0 0 12 24 24 24 24 24 24 100 100 100 75 75 75 44 44 44 44 44 44 84 84 84 84 84 84 43 43 43 43 64 64 64 54 54 54 14 3 14 0 0 
0 0 0 0 0 0 0 0 12 12 12 24 24 24 24 24 24 100 100 33 33 75 44 44 44 44 44 44 44 84 84 84 84 84 84 43 43 43 43 64 64 64 64 14 14 14 3 14 0 0 
0 0 0 0 0 0 0 0 12 29 29 24 24 24 24 80 80 100 33 33 33 33 33 44 44 44 44 44 44 84 84 84 46 84 36 36 36 36 43 64 58 64 64 14 14 14 14 14 14 14 
12 12 0 0 0 0 0 0 12 29 29 29 29 29 24 29 80 33 33 33 33 33 33 33 33 44 44 44 44 84 84 84 46 84 38 36 36 36 43 43 58 86 86 86 86 14 14 14 89 14 
19 12 12 12 12 12 12 12 12 29 29 29 29 29 29 29 80 80 33 80 80 33 33 33 33 33 44 44 44 84 84 84 46 38 38 36 36 36 36 43 58 58 86 86 86 86 86 14 89 89 
19 19 68 68 68 68 68 68 68 68 29 29 29 29 29 29 80 80 80 80 80 80 80 80 80 80 44 44 44 44 38 38 38 38 38 36 36 36 36 36 58 58 58 58 86 86 86 89 89 0 
0 19 19 19 71 68 68 68 68 68 68 29 29 29 29 29 29 80 80 80 80 80 80 80 60 60 60 99 99 38 38 38 38 38 38 36 36 36 36 36 36 58 58 86 86 86 86 89 89 0 
0 0 19 71 71 71 68 68 68 68 59 59 59 29 29 29 29 5 5 80 80 80 80 60 60 60 60 99 99 99 38 38 38 38 38 36 36 36 36 36 58 58 58 86 86 86 86 27 89 0 
0 0 19 71 71 71 68 68 68 68 68 59 59 59 29 29 29 5 5 80 5 5 60 60 60 60 60 60 99 99 99 99 38 99 99 36 77 77 36 36 58 58 58 58 86 86 27 27 89 89 
0 0 19 71 71 71 68 68 68 68 68 59 59 59 59 29 29 5 5 5 5 5 60 60 60 60 60 60 99 99 99 99 99 99 99 77 77 77 77 58 58 27 58 27 86 86 27 27 27 89 
0 0 19 71 71 71 68 68 68 97 68 59 59 59 59 5 5 5 5 5 5 5 60 60 60 60 60 60 99 99 99 99 99 99 99 77 77 77 77 58 58 27 27 27 27 27 27 27 27 89 
0 0 19 71 71 71 71 68 68 97 26 26 26 26 26 5 5 5 5 5 5 60 60 60 60 60 60 99 99 99 99 99 99 99 99 77 77 77 77 77 27 27 27 27 27 21 21 21 30 30 
0 0 19 19 68 68 68 68 9 97 26 26 26 26 5 5 5 5 5 63 96 96 60 60 60 60 60 60 99 99 99 99 99 99 99 99 99 77 77 77 27 27 90 21 21 21 21 87 30 30 
19 19 19 19 68 68 68 68 9 9 26 9 9 9 1 5 5 5 5 63 63 96 60 60 60 60 60 60 99 99 99 99 99 99 99 99 99 77 77 77 27 90 90 90 90 90 87 87 87 30 
4 4 4 4 4 9 9 68 9 9 9 9 9 1 1 63 5 63 5 63 63 60 60 60 60 60 60 60 99 99 99 99 99 99 99 99 99 77 10 10 17 17 17 17 90 90 90 30 30 30 
0 4 4 4 9 9 9 9 9 9 9 9 9 1 1 63 63 63 63 63 60 60 60 60 60 60 60 78 78 52 52 52 99 99 99 99 10 10 10 10 17 17 17 17 17 17 17 17 30 0 
0 4 34 34 9 9 34 9 9 9 9 51 1 1 1 28 28 28 63 63 60 60 60 60 60 78 78 78 78 52 52 52 99 99 99 10 10 10 10 10 17 17 17 17 17 17 17 17 30 30 
4 4 34 34 34 34 34 34 9 9 9 51 51 1 1 28 28 28 28 63 63 83 83 83 83 78 78 78 78 52 52 52 52 52 99 10 10 10 10 10 17 17 17 17 17 17 17 17 17 17 
41 41 34 0 0 0 34 9 9 9 9 51 51 1 1 1 1 28 28 63 35 83 83 83 78 78 78 78 78 78 52 52 52 52 52 10 10 10 10 10 10 17 17 17 17 17 17 17 0 0 
0 41 34 0 0 0 34 34 34 51 51 51 51 51 51 51 51 28 35 63 35 83 83 83 78 78 78 78 52 52 52 52 52 52 52 52 52 32 10 56 56 17 17 17 17 17 13 17 17 17 
0 41 34 0 0 0 0 0 34 34 51 51 51 51 51 51 51 28 35 35 35 83 83 83 78 78 78 78 78 52 52 52 52 52 52 32 32 32 56 56 56 17 17 17 17 13 13 17 17 6 
41 41 34 0 0 0 0 0 34 34 51 51 51 51 51 51 51 51 35 35 35 83 83 83 78 78 78 78 78 52 47 52 52 52 32 32 32 32 56 56 56 17 91 17 13 13 13 13 13 6 
41 34 34 0 0 0 0 0 34 51 51 51 51 51 51 51 31 31 35 35 35 35 83 83 78 78 78 78 78 52 47 47 47 32 32 32 32 32 32 91 91 91 91 13 13 13 13 13 6 6 
34 34 0 0 0 0 0 0 34 51 51 51 51 51 51 51 31 67 35 35 35 35 35 35 78 78 78 78 47 47 47 47 47 32 32 32 32 32 32 91 91 91 91 91 13 13 13 13 6 0 
0 0 0 0 0 0 34 34 34 34 51 62 62 51 51 31 31 67 67 67 35 35 35 35 35 78 78 47 47 47 47 55 55 55 55 32 32 32 32 91 48 48 48 91 13 13 13 13 6 6 
34 34 34 34 34 34 34 62 62 62 62 62 62 51 31 31 31 67 67 67 67 35 35 35 35 78 78 47 47 47 47 55 55 55 55 55 32 32 32 32 32 48 48 13 13 13 13 13 13 13 
7 7 7 7 7 7 7 7 62 62 62 62 62 31 31 31 67 67 67 67 35 35 35 35 35 47 47 47 47 47 47 47 55 55 55 55 32 32 32 32 32 48 13 13 13 49 13 13 13 13 
0 0 0 0 0 0 0 7 62 62 31 31 31 31 31 31 31 67 67 67 35 35 35 35 61 61 47 47 47 47 47 47 47 55 55 32 32 32 32 32 32 32 13 49 49 49 49 49 49 49 
0 0 0 0 0 0 0 7 7 7 15 31 15 31 31 31 2 2 2 2 2 35 35 57 61 61 61 61 47 47 47 47 47 55 55 55 32 32 32 32 32 49 49 49 0 0 0 0 0 0 
0 0 0 0 0 0 0 7 7 7 15 15 15 93 93 93 93 2 2 2 2 57 57 57 61 61 61 61 47 47 47 45 45 45 42 42 42 42 42 32 32 49 0 0 0 49 49 49 49 49 
0 0 0 0 0 0 0 7 15 15 15 15 15 15 93 93 88 2 2 2 2 57 57 57 61 61 61 47 47 47 47 42 45 45 42 0 0 0 42 32 32 49 0 0 49 49 72 49 8 49 
0 0 0 0 0 0 7 7 15 15 15 15 15 15 93 93 88 2 2 2 2 57 57 57 57 61 47 47 47 47 42 42 45 45 42 0 0 0 42 72 72 49 49 49 49 72 72 72 8 8 
0 0 0 0 7 7 7 82 82 82 82 82 93 93 93 93 93 2 2 2 2 2 57 57 57 61 76 42 42 42 42 42 42 42 42 0 0 0 42 72 72 72 72 72 72 72 72 72 8 0 
0 0 7 7 7 82 82 82 0 0 0 82 93 0 0 0 93 2 2 2 2 18 57 57 76 76 76 76 42 42 42 0 0 0 0 0 0 0 42 72 72 72 72 72 72 72 72 8 8 0 
7 7 7 82 82 82 0 0 0 0 0 82 93 93 0 0 93 18 18 18 18 18 18 76 76 0 76 69 69 69 42 42 42 0 0 0 0 0 42 42 72 72 72 72 8 8 72 8 0 0 
82 82 82 82 0 0 0 0 0 0 0 82 82 93 93 0 93 18 0 0 0 0 18 76 0 0 76 76 69 69 69 69 42 0 0 0 0 0 0 42 42 72 8 8 8 8 8 8 0 0 
0 0 0 0 0 0 0 0 0 0 0 0 82 82 93 0 93 18 0 0 0 0 18 76 0 0 0 76 69 0 0 69 42 0 0 0 0 0 0 42 8 8 8 0 0 0 0 0 0 0 
