0 0 0 0 0 0 0 0 0 10 59 59 59 55 55 0 0 55 43 43 0 43 74 0 0 74 77 0 0 0 0 77 41 0 0 41 78 78 0 0 0 78 78 61 0 61 34 34 0 0 
0 0 0 0 0 0 0 0 10 10 10 59 59 59 55 0 0 55 55 43 0 43 74 0 74 74 77 0 0 0 0 77 41 0 0 41 41 78 78 0 0 78 61 61 0 61 61 34 0 0 
0 0 0 0 10 10 10 10 10 59 59 59 59 59 55 0 0 0 55 43 43 43 74 0 74 36 77 77 77 77 77 77 41 0 41 41 90 90 78 0 0 78 61 61 0 0 61 34 0 0 
10 10 10 10 10 45 10 10 57 57 57 59 59 59 55 55 0 0 55 55 55 74 74 74 74 36 36 36 77 30 30 30 41 41 41 90 90 90 78 0 0 78 78 61 0 0 61 34 34 34 
45 10 10 45 45 45 45 57 57 57 57 57 57 59 57 55 55 0 0 0 55 55 55 74 36 36 77 77 77 30 30 30 30 41 41 41 41 78 78 0 0 0 78 61 61 61 61 61 61 34 
45 45 45 45 45 45 45 45 57 57 57 57 57 57 57 57 55 0 0 0 0 55 55 74 36 36 77 77 77 77 30 30 30 41 41 41 41 96 78 0 0 0 78 78 78 78 61 61 61 34 
0 0 0 0 45 45 45 45 45 45 57 57 57 79 79 79 55 0 0 0 0 55 13 13 13 13 13 77 77 77 30 30 28 28 28 28 96 96 78 78 0 0 0 78 78 78 61 61 61 61 
0 0 0 0 45 19 45 0 0 45 45 57 79 79 79 79 55 55 0 0 0 55 13 13 13 13 13 13 20 77 28 28 28 28 28 28 28 96 96 78 0 0 0 78 86 86 61 61 61 61 
0 0 0 0 45 45 45 0 0 0 45 79 79 79 79 79 79 55 0 0 0 55 13 13 13 13 13 13 20 20 95 28 28 28 28 28 17 96 78 78 78 78 78 78 86 86 86 86 86 48 
0 0 0 0 0 0 0 0 0 0 45 79 79 79 79 79 79 55 55 55 55 55 13 13 13 13 13 20 20 20 95 28 28 28 28 28 17 5 5 5 5 78 78 86 86 86 86 86 48 48 
45 45 45 45 0 0 0 0 0 0 45 45 45 79 79 79 79 79 65 13 13 13 13 13 13 13 13 20 20 20 95 95 95 95 95 5 5 5 5 5 5 5 78 86 86 86 86 86 48 0 
76 76 76 45 0 0 0 0 0 0 0 0 45 79 79 79 65 65 65 65 13 13 13 13 13 13 13 20 20 20 20 20 20 95 95 5 5 5 5 5 5 78 78 86 86 86 86 48 48 0 
0 0 76 45 45 45 45 45 0 0 0 0 45 79 79 79 65 65 65 65 13 13 13 13 13 13 13 1 20 20 20 20 20 49 95 5 5 5 5 5 5 78 78 8 86 8 8 8 48 48 
0 0 76 76 76 76 52 45 45 45 45 45 45 46 79 79 79 65 65 65 65 13 58 58 13 13 1 1 1 20 20 49 49 49 49 5 5 5 5 5 5 37 37 8 8 8 0 8 8 8 
0 0 0 0 0 76 52 52 45 46 46 46 46 46 32 79 79 65 65 65 65 13 58 58 58 58 58 1 1 49 49 49 49 49 49 39 39 5 5 5 5 37 37 8 0 0 0 0 0 0 
0 76 76 76 76 76 52 52 46 46 46 46 46 32 32 65 65 65 65 65 58 58 58 58 58 58 58 1 1 1 49 49 49 49 49 39 39 5 37 37 37 37 37 8 8 0 0 0 0 0 
76 76 94 94 94 94 52 46 46 46 46 46 46 32 32 65 65 65 65 65 65 58 58 58 58 58 58 58 1 62 62 49 49 49 49 49 39 39 37 37 63 63 63 63 8 0 0 0 0 0 
94 94 94 94 94 94 52 52 46 46 46 46 32 32 32 32 65 65 65 65 65 58 58 58 58 58 58 58 1 62 62 62 62 49 39 39 39 39 39 39 63 63 63 8 8 8 8 8 8 8 
0 0 94 94 94 94 52 52 52 46 46 46 32 32 32 65 65 65 65 65 58 58 58 58 58 58 58 58 62 62 62 62 62 49 39 39 39 39 39 39 63 63 63 8 42 42 8 8 42 42 
0 94 94 52 52 94 52 52 46 46 46 46 32 32 32 65 65 65 65 12 12 12 12 12 12 58 62 62 62 62 62 62 62 91 39 97 97 22 22 22 22 22 22 42 42 42 42 42 42 0 
94 94 52 52 52 52 52 52 52 46 46 46 32 32 32 65 65 65 65 12 12 12 12 12 12 12 12 91 91 26 26 91 91 91 91 91 97 22 22 22 22 22 22 42 0 0 0 0 0 0 
94 52 52 72 52 72 52 52 46 46 46 51 32 32 32 65 65 65 65 65 12 12 12 12 12 12 91 91 91 91 91 91 91 97 97 97 97 97 22 22 22 22 22 42 0 0 0 0 0 0 
94 31 31 72 72 72 52 52 46 51 51 51 51 32 65 65 65 65 65 65 65 12 12 12 12 12 83 83 9 9 91 91 91 91 97 97 97 22 22 22 22 22 22 42 42 0 42 42 42 42 
94 31 31 72 72 72 72 51 51 51 51 51 51 51 65 65 65 14 14 14 14 12 12 83 83 83 83 83 83 9 9 91 91 91 97 97 97 22 22 22 22 22 22 22 42 42 42 69 69 42 
31 31 31 31 31 31 31 51 51 51 51 51 51 14 14 14 65 14 14 14 14 83 83 83 83 83 83 83 83 9 56 24 24 21 24 35 35 22 22 22 22 22 85 22 69 69 69 69 69 42 
0 0 31 31 87 31 31 87 51 51 51 51 51 14 14 14 14 14 14 14 14 14 14 83 83 83 83 83 83 56 56 56 24 24 24 35 35 22 35 85 85 85 85 69 69 0 0 0 69 69 
0 0 31 87 87 31 31 87 51 51 51 51 51 14 51 51 14 14 14 14 14 14 14 80 80 80 83 83 83 56 56 56 56 56 35 35 35 35 35 85 85 85 85 69 69 0 0 0 0 0 
0 31 31 87 87 87 31 87 87 87 87 51 51 51 51 70 70 14 14 14 14 14 14 80 80 80 80 80 80 80 56 56 56 35 35 35 35 35 85 85 85 85 85 85 69 0 0 0 0 0 
0 31 87 87 87 87 87 87 87 87 87 51 51 51 51 70 70 70 14 14 14 14 14 14 80 80 80 80 80 80 16 16 16 35 35 35 35 35 35 85 85 85 64 85 69 0 0 0 0 0 
31 31 87 87 87 87 87 87 87 87 87 87 87 51 70 70 70 70 70 14 14 14 14 14 14 80 80 80 80 16 16 16 16 35 35 35 35 35 64 64 64 64 64 64 69 0 0 0 0 0 
27 27 87 87 87 87 87 87 87 87 54 54 87 51 70 70 70 70 70 70 70 70 14 92 92 80 80 80 16 16 16 16 16 35 35 35 35 35 35 64 64 64 64 64 69 69 0 0 0 0 
0 27 27 27 87 87 87 87 87 87 54 54 87 87 70 70 70 70 70 70 70 70 14 92 92 80 92 44 44 44 44 16 16 35 35 35 35 15 15 15 64 64 64 64 64 69 0 0 0 0 
0 0 0 27 18 18 18 87 87 54 54 54 70 70 70 70 70 70 40 40 70 70 70 92 92 92 92 44 44 44 44 16 35 35 35 35 15 15 15 15 15 15 64 64 69 69 0 0 0 0 
0 0 0 27 18 18 18 54 54 54 54 54 54 70 70 70 70 70 40 40 40 40 73 73 92 92 92 92 44 44 16 16 33 33 33 35 33 15 15 15 15 15 64 64 69 0 0 0 69 69 
0 0 0 27 18 18 18 54 54 54 54 54 54 54 70 54 54 54 3 3 40 40 73 73 40 92 92 92 44 44 44 33 33 33 33 33 33 15 15 15 15 15 2 2 69 69 69 69 69 98 
0 27 27 27 18 18 18 54 54 54 54 54 54 54 54 54 54 54 3 3 3 40 40 40 40 92 44 92 44 44 44 33 33 33 33 33 33 33 15 2 2 2 2 2 2 2 98 98 98 98 
0 27 99 99 99 99 99 54 54 54 54 54 54 54 54 54 54 3 3 3 3 40 40 67 67 92 44 44 44 44 44 33 33 33 33 93 93 93 93 93 93 2 2 2 2 98 98 0 0 0 
27 27 27 27 99 99 99 54 54 54 54 54 54 54 54 54 3 3 3 3 3 3 40 67 67 53 44 44 44 44 44 33 33 33 33 93 93 93 93 93 93 2 2 38 38 98 98 0 0 0 
84 100 27 27 99 99 99 99 54 54 54 54 54 54 54 54 29 3 3 3 3 3 3 67 67 53 89 89 53 75 75 75 33 33 33 93 93 93 93 93 50 50 2 38 38 38 98 0 0 0 
84 100 100 27 99 99 99 23 23 54 54 54 54 29 29 29 29 3 3 3 3 3 3 67 67 53 53 53 53 53 75 75 75 75 75 75 50 50 50 50 50 50 2 38 38 38 98 0 0 0 
84 84 100 100 99 99 66 23 23 23 23 23 4 4 29 29 29 3 3 3 3 3 3 3 53 53 53 53 75 75 75 75 75 75 75 75 50 50 50 50 50 50 50 50 38 38 98 98 98 98 
0 84 84 84 66 66 66 66 23 23 23 4 4 4 29 29 29 29 3 3 3 3 3 3 53 53 53 53 75 75 75 75 75 75 75 75 71 50 50 50 50 50 50 50 38 47 47 98 47 98 
0 84 84 84 66 66 66 66 23 23 23 23 4 4 4 29 29 29 3 3 3 3 3 3 53 7 53 53 7 75 75 75 75 75 81 75 71 50 50 50 50 50 50 50 38 47 47 47 47 47 
84 84 66 66 66 66 66 11 11 11 11 11 4 0 4 29 29 29 3 3 3 3 3 82 82 7 7 7 7 25 25 25 75 75 81 81 71 71 71 71 50 50 50 47 47 47 0 0 0 0 
66 66 66 66 66 66 66 6 11 11 11 11 4 0 4 29 29 7 7 7 7 7 7 82 82 7 7 7 7 25 25 25 25 25 81 81 71 71 68 71 71 71 68 47 0 0 0 0 0 0 
0 66 66 66 66 66 66 6 6 11 11 4 4 0 4 4 4 7 0 0 0 0 7 7 7 7 7 7 7 7 25 25 25 25 81 81 71 68 68 68 68 68 68 47 0 0 0 0 0 0 
0 66 88 88 66 66 66 6 6 6 11 4 0 0 0 4 7 7 0 0 0 0 0 0 0 0 7 7 25 7 25 25 25 25 81 81 60 60 68 0 0 0 68 47 47 0 0 0 0 0 
0 66 66 66 66 66 66 6 0 6 6 4 0 0 0 4 7 0 0 0 0 0 0 0 0 0 7 25 25 25 25 25 25 60 60 60 60 60 68 0 0 0 68 68 47 47 47 0 0 0 
0 0 0 0 0 66 66 6 0 0 6 4 0 0 4 4 7 0 0 0 0 0 0 0 0 0 7 7 25 25 0 25 60 60 0 0 0 60 68 0 0 0 0 68 68 68 47 0 0 0 
0 0 0 0 0 66 6 6 0 0 6 4 0 0 4 7 7 0 0 0 0 0 0 0 0 0 0 7 7 25 0 25 60 0 0 0 0 60 68 0 0 0 0 0 0 68 47 0 0 0 
