1 1 1 0 0 1 1 51 51 0 0 51 50 0 0 0 0 50 50 50 72 52 0 0 0 52 45 0 0 45 45 45 38 0 0 38 96 0 0 0 96 70 0 0 0 0 0 0 0 0 
7 39 1 0 0 1 12 12 51 0 0 51 50 0 0 50 50 50 72 72 72 52 52 0 0 52 45 0 0 45 38 38 38 38 38 38 96 96 96 96 96 70 0 0 0 0 0 0 0 0 
39 39 1 1 0 1 12 12 51 0 0 51 50 50 50 50 72 72 72 72 72 72 52 0 52 52 45 0 0 45 45 45 45 96 96 96 96 96 70 70 70 70 0 0 0 0 0 70 70 70 
0 39 39 1 1 1 12 12 51 0 0 51 51 51 50 50 72 72 72 72 72 52 52 0 52 45 45 0 0 0 0 0 45 96 96 96 96 88 88 70 0 0 0 0 0 0 0 70 73 73 
0 39 1 1 1 12 12 12 51 0 0 0 0 51 50 50 72 72 72 72 59 52 52 52 52 52 45 45 45 45 45 45 45 96 96 88 88 88 88 70 70 0 0 0 0 0 70 70 73 0 
39 39 1 1 1 12 0 12 51 0 0 0 0 51 50 50 50 59 59 59 59 52 52 52 13 13 13 45 13 96 96 96 96 96 96 88 88 88 88 88 70 70 70 70 70 70 70 73 73 0 
12 12 12 12 12 12 0 12 51 0 0 0 0 51 51 50 50 59 59 59 59 59 13 13 13 13 13 13 13 13 96 96 96 96 96 88 88 88 88 88 70 70 42 42 70 70 42 73 73 73 
0 0 0 0 0 0 0 12 51 51 0 51 51 51 51 50 50 59 59 59 59 59 13 13 13 13 13 13 13 13 13 13 87 87 87 87 88 88 88 88 88 2 2 42 42 42 42 73 6 6 
0 0 0 0 0 0 0 12 12 51 51 51 58 51 58 50 50 41 59 59 59 59 13 13 13 13 13 13 13 13 13 87 87 87 87 87 88 88 88 88 88 2 2 2 42 42 42 73 6 73 
0 0 0 0 0 0 0 12 76 51 58 58 58 51 58 58 41 41 41 41 41 41 13 13 13 13 13 13 13 37 37 87 87 87 87 87 87 88 88 88 88 2 2 42 42 42 42 73 73 73 
0 0 0 0 0 0 12 12 76 76 76 58 58 58 58 58 41 41 41 41 41 41 41 13 13 13 13 13 11 37 37 37 37 87 87 87 87 88 88 88 88 99 99 42 42 42 73 73 0 0 
0 0 0 0 0 0 12 76 76 58 76 58 58 58 58 58 41 41 41 41 41 41 41 13 13 13 13 11 11 11 11 37 37 37 87 87 87 88 88 88 88 99 99 42 42 42 73 0 0 0 
0 0 0 0 0 12 12 76 76 58 58 58 58 58 58 58 41 41 41 41 41 41 44 44 44 13 13 11 11 11 11 37 37 37 87 87 87 21 88 88 88 99 99 99 42 42 73 0 0 0 
0 0 12 12 12 12 76 76 76 58 58 58 58 58 16 16 41 41 41 41 44 44 44 44 44 44 11 11 11 11 11 37 37 37 87 87 87 21 21 21 21 21 99 99 98 73 73 73 73 73 
12 12 12 4 4 4 4 4 76 58 58 16 16 16 16 16 16 41 41 89 44 44 44 44 44 35 35 11 11 11 11 37 37 37 37 87 87 21 21 21 21 21 21 98 98 98 98 98 98 73 
24 24 24 24 4 4 4 4 58 58 58 16 16 16 34 34 16 10 89 89 44 44 44 44 35 35 35 11 11 11 11 37 3 3 37 37 21 21 21 21 21 21 21 21 98 0 0 0 98 98 
0 24 4 4 4 4 4 4 4 58 58 16 16 34 34 34 34 10 10 89 89 89 89 35 35 35 35 11 11 11 3 3 3 3 3 3 21 21 32 21 21 21 21 98 98 0 0 0 0 0 
0 24 4 4 4 4 4 4 4 4 34 16 34 34 34 34 10 10 89 89 89 89 35 35 35 35 35 40 11 3 3 3 3 3 3 3 3 21 32 32 21 21 98 98 0 0 0 0 0 0 
0 24 24 24 4 4 4 4 4 34 34 34 34 34 34 34 34 10 89 35 89 89 89 35 35 35 35 40 40 40 40 14 3 3 3 3 32 32 32 32 32 21 98 0 0 0 0 0 0 0 
0 0 0 24 4 4 4 4 4 23 34 34 34 66 66 34 34 89 89 35 35 35 35 35 40 40 40 40 40 40 40 14 14 14 14 14 32 32 32 32 32 32 98 0 0 0 0 0 0 0 
24 24 24 24 23 4 4 4 4 23 34 34 34 66 66 66 34 74 35 35 35 35 35 35 35 40 40 40 40 40 40 14 14 14 14 14 14 32 32 32 32 32 98 0 0 0 0 0 0 0 
18 24 18 18 23 23 23 23 23 23 66 66 66 66 66 66 66 74 74 35 35 35 35 35 35 40 40 40 40 40 40 14 14 14 14 14 14 57 57 57 32 98 98 0 0 0 0 0 0 0 
18 18 18 18 18 23 23 23 23 23 23 66 66 66 66 66 74 74 74 35 35 35 35 35 35 35 40 40 40 40 40 40 40 40 40 40 40 57 57 57 32 32 98 98 0 0 0 0 0 0 
0 0 0 0 18 23 23 23 23 23 66 66 66 66 66 74 74 74 35 35 35 35 35 35 35 35 40 40 40 40 40 40 40 40 40 40 57 57 57 57 57 57 57 98 98 98 98 98 98 98 
0 0 0 0 18 43 23 23 23 23 23 66 66 66 74 74 74 74 35 35 35 35 35 35 35 35 40 40 40 40 40 40 40 90 90 90 57 57 57 57 57 57 57 92 98 98 67 67 67 67 
0 18 18 18 18 43 23 23 23 23 66 66 66 66 74 74 74 74 35 35 35 35 35 35 35 35 77 40 40 77 97 40 40 90 90 90 57 57 57 57 57 57 57 92 92 92 92 67 0 0 
0 18 80 18 43 43 91 91 23 23 15 15 15 74 74 74 74 74 74 74 35 86 35 35 86 86 77 77 77 77 77 79 79 90 90 54 54 54 57 57 57 57 92 92 92 92 92 67 0 0 
18 18 80 91 91 91 91 91 91 23 15 15 15 15 15 74 74 86 86 86 86 86 86 86 86 77 77 77 77 77 79 79 79 90 90 54 54 54 54 63 57 57 92 92 92 92 92 67 0 0 
80 80 80 91 91 91 91 91 91 91 15 15 15 15 15 74 86 86 86 86 86 86 86 86 77 77 77 77 77 77 77 79 79 54 54 54 54 54 63 63 92 92 92 92 92 92 67 67 0 0 
0 0 80 80 91 91 91 91 84 91 15 15 15 15 5 5 86 86 86 86 86 86 86 86 77 100 100 100 100 100 100 100 100 54 54 54 54 63 63 63 63 63 63 92 92 67 67 0 0 0 
0 0 0 80 80 80 71 84 84 84 84 5 5 5 5 5 86 86 86 86 86 86 81 86 86 100 100 100 100 100 100 100 100 54 54 100 54 19 19 63 63 63 63 92 67 67 0 0 0 0 
0 80 80 80 71 71 71 84 84 84 84 5 5 55 55 55 86 86 86 53 53 86 81 81 81 81 81 81 100 100 100 100 100 100 100 100 54 19 19 63 63 63 63 92 92 67 67 0 0 0 
80 80 82 82 71 71 71 71 33 84 84 5 5 55 55 55 86 86 86 53 53 53 81 81 81 81 81 81 100 100 9 100 100 100 100 100 19 19 63 63 63 63 63 92 92 92 67 0 0 0 
8 82 82 82 71 71 71 33 33 84 84 5 5 55 55 55 55 55 55 53 53 53 81 81 81 81 81 81 9 9 9 9 100 100 19 19 19 19 63 63 63 63 63 63 63 68 67 67 67 67 
8 8 82 82 82 71 71 33 33 84 84 5 5 55 20 20 20 20 20 20 53 53 53 81 81 81 81 81 9 9 9 9 9 100 19 19 19 64 64 64 63 63 63 63 68 68 68 31 31 31 
0 8 82 82 82 71 71 33 33 33 33 5 20 20 20 20 20 20 20 20 53 53 81 81 81 81 9 9 9 9 9 9 28 28 64 64 64 64 64 64 64 64 68 68 68 68 68 31 0 0 
0 8 82 82 82 82 33 33 33 33 29 20 20 20 20 20 20 20 20 20 30 30 30 30 30 30 9 9 9 9 9 9 28 28 28 64 64 64 64 64 64 64 68 68 68 68 68 31 0 0 
0 8 49 82 82 82 33 33 33 29 29 29 29 29 29 20 20 20 60 60 30 30 30 30 30 30 9 9 9 9 28 28 28 28 28 28 64 64 64 64 64 64 64 64 68 68 68 31 31 31 
0 8 82 82 82 82 82 82 33 33 29 29 29 29 29 20 20 60 60 30 30 30 30 30 30 30 30 30 9 9 28 28 28 28 28 28 64 64 64 64 64 64 64 75 75 75 61 61 61 31 
0 8 8 8 82 82 82 82 33 29 29 29 29 29 29 60 60 60 60 60 30 30 30 30 30 30 30 30 9 28 28 28 28 28 28 28 64 64 64 64 25 64 75 75 75 75 75 61 61 94 
0 0 0 8 8 8 29 29 29 29 29 29 29 29 29 29 60 60 60 30 30 30 30 30 30 30 30 30 9 9 28 28 28 28 28 69 69 64 64 64 25 25 25 25 25 75 75 61 94 94 
0 8 8 8 22 22 29 29 29 29 29 29 29 29 29 29 29 29 29 30 30 30 30 30 30 30 30 30 9 28 28 28 28 28 28 69 69 69 25 25 25 25 25 25 25 27 27 61 94 0 
8 8 22 22 22 22 29 29 29 29 29 36 29 29 29 29 29 29 29 30 30 30 30 30 30 30 30 30 9 28 28 28 69 69 69 69 69 69 25 25 25 25 25 85 85 27 27 94 94 94 
22 22 22 0 0 22 22 29 29 29 36 36 29 29 29 29 29 29 30 30 30 78 78 78 78 78 78 78 28 28 65 65 65 65 65 65 65 65 25 25 25 25 85 85 85 27 47 47 47 94 
0 0 0 0 0 22 93 93 36 36 36 36 36 36 36 29 29 29 30 78 78 78 0 0 0 0 0 78 28 56 65 65 0 0 0 0 0 65 26 25 85 85 85 85 85 62 62 62 62 62 
0 0 0 0 0 22 22 36 36 0 36 36 46 46 46 29 83 30 30 78 0 0 0 0 0 0 78 78 56 56 56 65 0 0 0 0 0 65 26 26 26 85 85 85 62 62 62 62 62 17 
0 0 0 0 22 22 22 36 0 0 36 46 46 46 46 83 83 83 83 78 0 0 0 0 0 78 78 56 56 0 56 65 0 0 0 0 65 65 65 26 26 85 85 85 62 62 62 62 17 17 
0 0 0 0 22 36 36 36 0 36 36 46 46 46 46 83 83 83 83 78 78 0 0 0 0 78 56 56 0 0 56 65 65 0 0 0 65 26 26 26 26 26 85 48 48 48 62 62 17 0 
0 0 0 0 22 36 36 36 0 36 46 46 46 46 83 83 83 83 83 83 78 78 0 78 78 78 56 0 0 0 56 56 65 0 0 0 65 65 26 0 26 48 48 48 48 17 17 17 17 0 
0 0 0 0 22 22 22 36 0 36 46 0 46 83 83 0 83 95 95 95 95 78 0 78 56 56 56 0 0 0 0 56 65 0 0 0 65 26 26 0 26 48 0 0 48 17 0 0 0 0 
