100 100 1
181925
570962
524497
233810
534585
652384
202899
996570
371401
805013
490107
309428
976647
120400
17141
714906
73250
163204
784674
301663
583087
60801
961594
72590
56182
972030
993341
567519
663856
213806
662351
709719
189271
269867
151857
749875
531060
978256
651959
284355
480074
2547
967301
89313
706657
157209
457878
68591
432356
808515
734060
667287
976809
959313
981873
85906
140065
299898
452075
641602
127269
878795
907522
353640
291294
392095
936313
357547
621780
476990
591765
717395
591752
513359
265075
637503
406685
73234
932832
361978
240743
244253
705763
918510
352092
356299
600996
466771
227736
836275
208463
596970
91991
547202
184383
251458
755804
506571
402760
76279